01020:0304,0333,0200,0336,0330,0332,0336,0336,0332,0337,0200,0333,0333,0200,0332,0332,0336,0330,0335,0337,0342,0330,0350,0335,0335,0351,0333,0350,0336,0334,0342,0334,0334,0342,0337,0335,0351,0333,0336,0333,0331,0337,0337,0331,0337,0304,0336,0330,0330,0336,0330,0334,0331,0337,0337,
01021:0304,0333,0200,0336,0330,0332,0336,0336,0332,0337,0200,0333,0333,0200,0332,0332,0336,0330,0335,0337,0342,0330,0350,0335,0335,0335,0336,0342,0335,0335,0342,0337,0335,0351,0333,0336,0333,0331,0337,0337,0331,0337,0304,
01022:0333,0200,0336,0336,0330,0330,0332,0332,0332,0336,0336,0333,0337,0337,0336,0330,0336,0333,0337,0337,0200,0333,0200,0333,0200,0331,0331,0332,0332,0200,0333,0200,0333,0200,0336,0333,0331,0337,0337,0332,0330,0336,0336,0331,0337,0342,0330,0335,0350,0335,0336,0342,0335,0335,0342,0337,0335,0335,0335,0351,0331,0331,0331,0333,0333,0336,0330,0337,0337,0337,
01023:0333,0200,0336,0336,0330,0330,0332,0332,0332,0336,0336,0333,0337,0337,0336,0330,0336,0333,0337,0337,0200,0333,0200,0333,0200,0331,0331,0332,0332,0200,0333,0200,0333,0200,0336,0333,0331,0337,0337,0332,0330,0336,0336,0331,0337,0335,0335,0331,0342,0330,0335,0350,0335,0336,0342,0335,0335,0342,0337,0335,0335,0335,0351,0331,0331,0331,0333,0333,0336,0330,0337,0337,0337,0335,0335,0331,0333,
01024:0333,0200,0336,0336,0330,0332,0337,0200,0336,0336,0330,0332,0337,0200,0336,0336,0330,0332,0337,0200,0333,0333,0333,0331,0331,0331,0336,0331,0333,0337,0337,0337,0337,
01025:0333,0200,0336,0336,0330,0332,0337,0336,0336,0330,0332,0337,0200,0336,0336,0330,0332,0337,0200,0333,0333,0333,0331,0331,0331,0336,0331,0333,0337,0337,0337,0337,
01026:0333,0200,0336,0330,0332,0336,0336,0333,0331,0337,0200,0306,0335,0342,0332,0342,0330,0335,0335,0342,0335,0335,0335,0335,0331,0334,0304,0332,0306,0335,0342,0330,0350,0335,0342,0334,0331,0335,0304,0334,0331,0332,0335,0336,0332,0337,0342,0330,0350,0335,0335,0335,0336,0342,0335,0335,0342,0335,0304,0331,0331,0331,0331,0333,0333,0333,0333,0333,0337,0337,0337,
01027:0333,0200,0336,0330,0332,0336,0336,0333,0331,0337,0332,0200,0306,0335,0342,0332,0342,0330,0335,0335,0342,0335,0335,0335,0335,0331,0334,0304,0332,0306,0335,0342,0330,0350,0335,0342,0334,0331,0335,0304,0334,0331,0333,0333,0330,0335,0342,0330,0350,0335,0335,0335,0336,0342,0335,0335,0342,0335,0304,0331,0331,0331,0331,0331,0333,0337,0337,0337,
01031:0333,0200,0336,0330,0332,0336,0332,0331,0123,0126,0107,0365,0330,0330,0332,0332,0330,0335,0335,0336,0330,0332,0337,0201,0335,0350,0335,0336,0342,0335,0335,0342,0334,0304,0333,0333,0333,0333,0331,0331,0331,0331,0331,0332,0336,0333,0336,0332,0337,0337,0337,0337,0337,
01010:0333,0200,0350,0334,0310,0337,0342,0336,0332,0335,0335,0337,0342,0336,0333,0334,0351,0313,
01030:0333,0200,0336,0330,0332,0336,0334,0362,0203,0335,0350,0335,0310,0337,0203,0335,0335,0203,0335,0335,0335,0336,0203,0364,0304,0335,0313,0337,0333,0331,0337,
01031:0333,0200,0336,0330,0332,0336,0334,0335,0335,0362,0203,0335,0350,0335,0310,0337,0203,0335,0335,0203,0335,0335,0335,0336,0203,0364,0304,0335,0335,0335,0313,0337,0333,0331,0337,
01032:0333,0200,0336,0330,0332,0334,0336,0334,0362,0203,0335,0350,0335,0310,0337,0203,0335,0335,0203,0335,0335,0335,0336,0203,0364,0304,0335,0335,0313,0337,0333,0331,0337,
01033:0333,0200,0336,0330,0332,0335,0336,0334,0362,0203,0335,0350,0335,0310,0337,0203,0335,0335,0203,0335,0335,0335,0336,0203,0364,0304,0313,0337,0333,0331,0337,
01037:0333,0200,0336,0332,0330,0336,0332,0362,0335,0335,0203,0335,0350,0335,0310,0337,0203,0335,0335,0203,0335,0335,0335,0336,0203,0364,0335,0335,0330,0334,0335,0331,0331,0331,0331,0334,0337,0362,0203,0335,0335,0335,0336,0203,0203,0335,0335,0335,0337,0203,0364,0331,0335,0336,0304,0313,0333,0331,0337,0332,0335,0335,0337,0331,
01036:0333,0200,0336,0332,0330,0336,0332,0362,0203,0335,0350,0335,0310,0337,0203,0335,0335,0203,0335,0335,0335,0336,0203,0364,0335,0335,0330,0334,0337,0362,0203,0335,0335,0335,0336,0203,0203,0335,0335,0335,0337,0203,0364,0331,0335,0336,0304,0313,0333,0331,0337,0337,
01015:0333,0204,0336,0330,0332,0321,0336,0336,0336,0347,0337,0337,0341,0331,0331,0336,0336,0330,0337,0336,0336,0332,0337,0337,0362,0203,0335,0336,0203,0335,0337,0203,0335,0336,0203,0363,0335,0336,0333,0337,0331,0337,0337,0337,0333,0337,0320,
01034:0333,0200,0332,0336,0330,0336,0333,0331,0336,0333,0337,0336,0330,0337,0204,0333,0333,0204,0332,0332,0336,0336,0333,0337,0337,0335,0335,0331,0336,0332,0337,0362,0203,0335,0350,0335,0310,0336,0203,0335,0335,0203,0363,0337,0313,0335,0304,0335,0333,0331,0333,0331,0336,0330,0336,0333,0337,0337,0337,0337,0335,0335,0331,0333,
01035:0333,0200,0332,0336,0330,0336,0333,0331,0336,0333,0337,0336,0330,0337,0204,0333,0333,0204,0332,0332,0336,0336,0333,0337,0337,0362,0203,0335,0350,0335,0310,0336,0203,0335,0335,0203,0363,0337,0313,0335,0304,0335,0333,0331,0333,0331,0336,0330,0336,0333,0337,0337,0337,0337,