01200:0333,0200,0336,0336,0330,0332,0337,0200,0336,0331,0333,0337,0337,
01201:0304,0313,0333,0200,0336,0336,0330,0330,0332,0332,0332,0335,0336,0337,0337,0342,0330,0335,0350,0335,0336,0336,0342,0335,0335,0342,0335,0304,0337,0331,0331,0333,0337,0337,
0200:0304,0342,0330,0334,0342,0330,0334,0342,0330,0334,0342,0330,0334,
0201:0342,0330,
01201:0304,0313,0333,0200,0336,0336,0330,0330,0332,0332,0332,0335,0336,0337,0337,0342,0330,0335,0350,0335,0336,0336,0342,0335,0335,0342,0335,0304,0337,0331,0331,0333,0337,0337,
0202:0304,0313,0350,0335,0336,0336,0342,0333,0342,0333,0342,0333,0342,0333,0334,0304,0337,0337,
01202:0202,0200,
01203:0304,0313,0202,0332,0333,0200,0336,0336,0330,0330,0332,0332,0332,0335,0336,0337,0337,0342,0330,0335,0350,0335,0336,0336,0342,0335,0335,0342,0335,0304,0337,0331,0331,0333,0337,0337,
0203:0344,0330,
0204:0362,0203,0334,0203,0334,0203,0334,0203,0334,0363,
01204:0202,0200,0336,0336,0330,0332,0337,0200,0336,0331,0333,0337,0337,
01205:0202,0200,0336,0336,0330,0332,0332,0332,0330,0205,0331,0331,0332,0337,0337,0333,
0205:0362,0203,0335,0203,0203,0335,0203,0335,0203,0203,0335,0363,0336,0330,0333,0336,0331,0332,0337,0365,0336,0332,0331,0337,0337,
0206:0336,0332,0337,0362,0203,0334,0336,0203,0335,0350,0335,0337,0310,0337,0203,0335,0335,0203,0335,0304,0335,0336,0313,0336,0203,0334,0337,0203,0363,0335,0335,0336,0332,0337,
01206:0202,0200,0336,0332,0206,0333,0337,
0210:0316,0336,0313,0336,0314,0337,0337,0313,
01210:0333,0200,0336,0330,0336,0332,0334,0337,0342,0336,0330,0335,0336,0330,0332,0337,071,0365,0331,0331,061,060,0365,0333,0333,0336,0333,0331,0337,0337,0337,0337,
0211:0316,0336,0336,0336,0313,0337,0337,0337,0337,0337,0337,0337,
0207:0342,0334,0342,0335,0335,0342,0334,0336,0330,0340,0331,0337,0337,0330,0340,0331,0336,
01207:0333,0336,0330,0332,0336,0336,0341,0337,0333,0333,0331,0331,0337,0337,
0210:0335,0340,0341,0330,0340,0341,0334,0334,0306,0335,0330,0340,0341,0334,0334,0342,0330,0334,0334,0342,0330,0334,0334,0342,0314,0336,0330,0335,0330,0334,0334,0337,0341,0342,0330,0341,0334,0334,0342,0330,0341,0334,0334,0342,0330,0336,0331,0331,0341,0330,0341,0335,0334,0334,0330,0341,0334,0330,0341,0334,0330,0341,0334,0330,0341,0334,0300,0332,0332,0332,0330,0330,0300,0332,0332,0332,0332,0305,0311,0336,0330,0335,0350,0334,0335,0333,0335,0351,0337,0342,0341,0330,0335,0335,0342,0341,0330,0335,0335,0342,0341,0330,0335,0335,0342,0341,0330,0335,0335,0342,0341,0330,
0210:0310,0337,0311,0336,0313,
0211:0311,0337,0310,0336,0313,
01210:0333,0200,0336,0336,0330,0332,0337,0200,0311,0337,0310,0336,0200,0337,0311,0336,0313,0336,0330,0332,0336,0335,0331,0337,0342,0334,0333,0333,0336,0333,0337,0331,0331,0337,0337,
01211:0333,0200,0336,0336,0330,0332,0337,0200,0311,0337,0310,0336,0200,0337,0311,0336,0313,0336,0330,0332,0336,0335,0331,0337,0342,0334,0336,0333,0342,0335,0335,0342,0335,0335,0333,0337,0333,0336,0333,0337,0331,0331,0337,0337,
01220:0333,0200,
01221:0333,0200,
01222:0333,0200,
01223:0333,0200,
01224:0333,0200,
01225:0333,0200,
01226:0333,0200,
01227:0333,0200,
01230:0333,0200,
01231:0333,0200,
01232:0333,0200,
01233:0333,0200,
01234:0333,0200,
01235:0333,0200,
01236:0333,0200,
01237:0333,0200,
01240:0333,0200,
01241:0333,0200,
01242:0333,0200,
01243:0333,0200,
01244:0333,0200,
01245:0333,0200,
01246:0333,0200,
01247:0333,0200,